1144
1949 14
29512 75188 98832 24096 18968 63589 99686 82966 5658 99572 21318 71256 1416 46254
2297 14
32352 54343 70960 6718 42504 20451 19238 72402 98491 26037 44219 61759 48161 5511
2610 14
25060 89240 65479 74761 7820 49113 4174 53356 30494 77032 1382 48043 39325 52297
53 10
61098 27198 2478 60488 1061 19871 70968 67042 45897 56156
18 14
73308 55842 52255 52395 74997 74125 56601 80302 35169 69057 64396 98878 29586 75224
627 19
60962 92874 75802 17668 18989 46427 76493 39432 38799 6016 41993 49106 47618 20137 61874 13907 60226 74570 94802
1045 17
41485 95978 43439 29992 44114 56316 63622 54028 90560 91949 17105 77344 21886 38313 20595 39892 25087
177 18
41033 56212 722 58838 56541 58466 45612 86060 79625 95196 74013 32108 24856 68856 63728 859 38787 35086
1864 11
54703 80808 46864 18625 34568 96511 43957 30623 78112 33943 22717
650 13
68345 88226 50898 44740 68353 18275 78483 61008 59551 78383 4701 26135 60100
111 14
78382 97759 1559 20320 61427 1692 70445 40466 55457 79430 45472 38153 8792 15253
198 13
64023 19029 42091 11316 46140 36870 79943 38878 86139 37953 9872 3333 40934
1634 11
87092 18305 48779 36241 75776 69902 42058 15323 2981 57740 5282
1161 10
6615 47289 31630 24904 50715 35684 83258 57095 41509 17614
122 10
13385 55902 89613 37843 78834 70053 12344 98090 22078 47800
3428 12
69864 28439 87468 63123 51354 71379 61709 44929 49358 612 53296 47401
349 17
55168 73350 34171 93253 45706 20469 59352 64201 10212 39545 18167 99807 87536 56492 83215 49971 97265
1023 11
10828 43370 97098 89160 27354 85591 97587 83452 9084 94739 61112
661 18
44823 87312 77606 55860 25973 32402 83190 46618 9112 5110 48941 86001 49350 15973 66405 31489 50977 26557
2359 11
12451 52615 30503 98686 9508 28632 55889 60259 19053 63497 85810
416 17
58698 71411 34561 348 61397 10280 80870 97542 78548 84065 57140 85782 27052 96196 82929 1508 19674
4871 7
42134 98377 2030 18945 79041 50357 29616
1760 7
5901 28953 22422 40929 58487 82880 14830
2346 9
38852 3616 22001 62638 75265 2355 90784 90132 33916
6550 8
33058 16395 80912 94970 11530 57527 31067 10051
2882 9
24478 16292 130 34255 65860 78934 34082 6626 83698
2006 11
42790 88446 96323 75657 94498 42447 3964 20664 27157 79411 96719
1549 10
5245 36648 25013 61854 98461 47431 39536 52239 78457 92602
1004 12
71234 62479 87426 40950 19231 7509 2399 70011 99535 24346 71759 77426
479 11
65438 9176 95650 4191 95716 90023 77731 13011 15992 31568 15780
6241 8
40351 36531 21600 66575 66639 12416 25240 48146
806 10
82846 43442 81762 91541 43249 71891 68168 93536 25022 2074
8691 10
78477 18437 48126 85175 46058 15480 15371 29434 87419 1012
1283 17
18667 96458 30634 89194 45905 34956 38825 65797 61184 87663 99157 50561 9751 43971 21454 18163 29280
555 16
26049 28172 67932 13054 29340 81758 22635 11256 83947 35007 52206 79265 47424 52560 57518 37310
1349 15
11511 63894 22375 82237 86640 44508 45850 8164 17539 32056 94002 19353 28366 42110 56202
1737 16
24216 28258 74518 7610 11483 18610 7055 35667 75599 96574 63090 41108 39513 1912 75184 38352
906 12
75208 2770 51287 46263 73612 24241 60103 44052 28069 36627 87150 11604
2144 12
39234 18220 37470 83373 62673 59023 65933 2623 36485 40437 7776 8888
587 11
53810 43069 56129 55872 80208 89899 5159 9451 14665 95174 79343
5724 8
24578 12844 64761 16663 53478 13122 72830 19536
5771 11
72219 75809 66534 54432 3612 33122 1209 86501 61655 64988 93188
8917 7
38007 65614 42526 6604 40941 22365 60134
4460 9
82131 54694 76084 98425 95798 43208 56836 35789 96436
4193 6
97482 29869 82470 99564 8596 24403
7491 8
60681 70505 29611 39338 32661 67568 43424 24104
1653 14
29400 38343 28621 13447 98634 94606 28095 94978 23427 28629 85842 91818 93600 57035
752 15
39254 28446 93744 81483 43031 16350 70551 91548 26416 12133 61302 30917 18064 55619 31700
1296 11
95991 28937 9005 80466 88340 84642 88752 26826 45191 19174 95303
7327 5
97546 69788 5377 72011 91198
220 19
79410 15813 90127 37332 27476 53737 58268 51537 92984 48577 42679 813 69313 18369 33342 16920 80199 17440 19587
399 10
5704 58319 92949 16700 55849 36203 86560 44405 72616 59660
2394 17
34607 36193 29201 9796 95029 6758 40639 43263 73569 12871 83514 25967 1998 96142 20575 47576 94214
8149 5
79950 11281 87508 46288 88199
8738 7
46844 2052 485 20614 10840 89237 47390
1800 11
62440 51532 37546 75484 29997 62554 97417 31341 39404 88329 81760
1559 12
49428 57844 13735 48838 32310 44809 90715 94008 83093 21448 91615 52328
4758 9
84347 94218 99010 92408 91216 74497 54287 4552 71749
1348 12
90465 19371 10838 81953 13098 6111 65834 27379 53262 58518 41574 39422
4059 7
86716 23918 95569 3166 88056 50230 12229
2044 18
27066 73699 63471 2766 79761 71861 84863 92294 29958 63723 59429 69976 7230 34336 89068 39554 25945 69029
1448 10
88725 61385 97191 91418 92889 89811 88507 45990 45379 46160
462 14
73681 45164 29109 36094 11995 31505 65678 92412 96865 36722 76817 12322 88288 72407
1201 18
63192 26759 16196 91106 78818 28933 6471 34078 4850 48464 93111 66837 58677 99899 99331 33588 84256 8851
92 10
20672 76538 33545 87154 37274 73669 42710 9131 57354 23932
5523 8
33580 65454 44354 48363 64293 89131 18711 31675
115 9
44635 15264 99249 5443 76397 50746 60419 58775 55235
1427 9
86916 8827 16915 87619 7576 40047 98986 56741 82504
2863 9
99870 19056 95997 72313 855 70638 30562 11046 51663
2737 15
3325 43703 25708 78710 3905 89450 31512 77444 78758 9560 35484 80130 33748 64827 40330
8279 5
63029 43322 98543 82502 96414
2312 15
36522 85350 71048 94581 91794 59775 57537 96364 98469 13823 28085 81542 68329 52696 49408
350 12
4757 8204 39345 10810 77936 28363 55647 2565 16689 34408 63551 43238
1195 12
34 67451 14934 16525 79555 65784 58034 12925 61163 9331 81708 99673
4074 10
47160 60749 15039 40629 87243 22232 71391 39999 75565 33235
2380 7
11550 29106 75099 6118 12664 83028 96137
5263 12
41725 27573 63602 83457 78398 34601 64389 15260 37405 36344 90365 21385
29 18
69361 80532 50056 99675 23600 12708 69534 33336 80009 93750 77682 68449 68691 66311 97733 77350 33042 55674
1356 15
57786 15920 66975 83283 70779 13975 89796 56979 74453 74656 7850 49706 63860 73445 98328
4138 12
57207 57000 74424 97831 45495 55497 37046 17444 59332 16048 7028 96595
751 14
74094 15713 59538 51453 15535 18471 15151 59492 41058 5449 94239 29854 65399 91075
2652 11
9734 22805 81516 63502 65446 15734 67212 91425 44178 89908 65701
3953 6
32155 11603 28280 95826 64680 88667
141 10
84401 37098 11061 21027 52135 1616 33554 42032 27534 61373
3679 9
64846 39446 20209 15648 30290 77953 49586 53944 91484
81 12
83633 50891 13133 46586 31915 62136 40496 36541 10508 44840 50496 84897
8758 7
17985 95727 68057 24925 45583 18403 57507
973 13
92793 56535 91042 18062 6862 67173 61097 94639 64268 46139 83999 34780 50798
2469 8
1645 44522 57522 9735 87765 27590 97430 60170
2732 7
12612 96872 58308 98643 55683 32601 16158
2754 10
60594 86571 4700 64036 64840 69218 81834 63882 52108 35310
8181 6
15098 82963 34337 39996 76450 29408
5134 6
77120 68890 6727 73307 79664 78271
2143 10
98833 21501 87144 15678 28330 21511 18889 79592 86761 34395
3546 7
29226 55536 55898 84271 76616 46370 83879
7819 9
71839 32704 58796 86747 37514 53006 42215 1367 20549
2541 15
25662 73929 79040 43459 96147 12444 12038 54239 32094 29965 98796 23352 5197 59039 14967
1432 15
43667 71266 39239 63003 4996 696 1554 39998 74840 67751 35888 84417 92158 26297 44014
6063 12
67622 5828 96428 48962 50947 95598 9218 1266 36058 66962 78200 85987
61 16
26401 30734 81777 91434 10448 74641 91850 17897 38128 4280 83635 78493 26630 270 99911 22628
6644 8
32722 39066 59710 5281 47332 89990 67532 34217
8728 5
56671 71936 33260 10134 72584
4439 10
75100 99588 30114 6785 72389 54368 91600 24579 13903 40174
1967 13
33135 73638 43534 40905 58156 40595 92869 11981 82135 8369 26335 43927 44470
5348 8
60666 2519 22038 6144 16521 70428 9820 63951
9772 4
12919 18994 10639 90925
414 19
35170 47195 82540 58203 67594 30257 11876 57632 55000 78367 43849 3857 75477 72431 13209 98692 4391 12491 61099
5020 5
61717 34753 28296 72364 84053
2919 12
54171 66105 36354 43217 22673 37464 36953 92778 832 41339 81202 22402
2942 10
81564 82493 39100 6497 69898 98932 86813 54930 90045 5417
667 13
65505 49708 42870 76211 84084 92353 37390 6535 6328 1529 28636 85898 42355
820 18
82097 88971 44633 9376 66360 52153 26664 97361 30251 27479 81969 54419 60338 17999 44370 8452 86250 83119
1109 8
74628 25962 14698 65141 61713 78813 29735 83089
2977 11
1255 2309 15505 17198 26975 5806 51874 59016 55942 12353 3911
561 14
25871 58923 96955 51002 85188 8987 97761 95256 53763 74585 72772 97800 99897 81332
1789 10
84132 30775 77289 13792 88868 97752 77689 39740 20616 79708
2097 12
70408 99396 13950 72902 19472 71974 84576 56512 35119 95184 36914 58614
7709 9
53259 23021 70512 6194 91415 37972 88615 58854 24499
1668 15
97548 17657 55783 71723 80410 24030 36335 77215 21420 54122 88494 9362 58743 44718 46296
2939 12
38351 48044 49061 58811 92297 94255 45175 15294 43139 44832 83578 11719
8005 7
69565 66483 11769 22715 58998 43568 59779
1229 10
11142 52749 60936 50904 11794 79141 89893 90096 42863 8896
1351 8
89302 28930 2942 21165 47154 59813 19843 91501
2868 14
82584 74618 97707 97267 16062 93229 28241 77889 58064 64559 50956 13782 26426 68021
3124 8
99456 88888 57835 45851 31431 11593 7441 99244
3148 14
41864 69943 23400 47631 87166 95340 87563 20102 36813 32967 23660 63389 21022 71769
5023 11
8667 13803 50887 87136 31201 75447 85676 90649 54788 44869 66078
917 8
38274 60729 3449 97211 44084 33126 99771 85545
1342 8
57895 14075 34616 19315 46270 74766 88043 56297
180 20
72660 98128 84541 75870 97815 22770 862 87213 52970 57753 3243 56086 31588 54866 71005 35394 53633 79716 65750 20863
5311 12
76763 82953 5980 31674 47594 56186 41168 52285 66267 40337 81510 88308
9092 4
50047 70866 39395 33002
2510 11
88952 410 58393 20151 68356 51299 19813 94567 36151 39652 58544
3794 8
2033 77809 64506 9590 59590 73939 61049 20429
4924 12
56151 48782 44645 44115 59889 71417 99110 21951 33792 87012 66749 6532
2904 8
91335 19713 42921 43181 60058 55723 94923 54135
3938 4
38662 83826 92820 12180
6871 6
36149 31515 59246 80127 12282 75548
1642 10
3529 80174 40340 33251 44640 60376 39035 28992 32091 90029
9128 3
77778 6199 20291
693 16
39490 66704 32671 24973 52967 35676 79029 84908 77061 34392 70660 66038 38587 18233 98204 30884
1617 12
47934 93865 2333 91056 29324 90550 28758 29606 91605 77589 70432 59984
2110 10
51188 1347 86964 21009 76856 26358 34012 89707 61289 59501
8791 5
40812 67079 68515 77912 99958
9918 4
47523 71772 83949 27484
3631 8
90539 66266 86143 11774 67343 59251 64207 30548
1154 19
13341 45281 22384 21593 78403 36558 82830 38244 33249 33886 44725 76263 89411 68390 4517 94666 93107 87964 10939
3720 10
63846 85826 19264 39381 47043 35343 46806 60814 84943 70147
2943 14
56395 89074 61497 4916 8051 34734 35038 38998 10040 42824 68857 11954 68429 19155
5804 5
5917 91571 48473 4467 99751
6953 8
71259 2391 29728 52169 4460 54548 46259 6931
7511 6
33910 8434 7833 75046 56141 61640
526 13
33981 16110 54307 29292 67485 9200 2504 33586 1491 62761 87714 69570 98157
5569 7
64850 34230 49204 9565 42224 17805 62797
8283 7
93624 96375 75797 69572 81890 34666 29584
156 10
36043 13469 65197 54977 46885 42859 1251 47307 15885 20438
794 9
19740 9991 64596 26937 19564 19230 14396 74291 94453
1659 12
43695 55938 76475 35568 50300 42808 75181 60276 56181 19804 66551 6279
2426 11
26876 47956 51424 83455 41980 29891 57164 46011 15831 36818 20121
3483 15
87119 909 94004 18848 30642 88637 90279 87024 91934 42098 37523 82304 69536 1098 94901
7175 6
75263 28230 4082 23413 66907 17709
205 18
67607 81965 35266 48013 85922 64997 5036 59987 38482 54398 8895 36301 89409 22789 15899 28752 66489 17610
3202 10
9868 62991 53811 91975 22439 78302 85328 40329 77943 33477
3548 7
49240 62046 7620 43615 69461 98495 85798
3730 7
77932 68549 40837 53438 12766 87049 54628
4592 5
66520 94241 50130 67041 11984
88 19
26920 28074 15842 95943 16004 9925 71517 87879 96717 8235 16584 42841 92257 30039 83567 64710 85299 83687 13921
165 19
81958 70232 56855 78531 77356 91426 88798 78600 29967 76135 82111 77458 28355 37089 57068 71402 33518 51720 6338
1973 15
24433 5102 50348 28670 65534 94800 96683 55929 14394 68673 81346 27527 91268 94537 89391
2252 14
28909 61904 14864 98116 94128 20491 6297 45813 43402 98399 5275 66032 54837 48674
3742 17
40542 45008 10046 70768 27890 34927 38617 22010 24138 98741 90056 57230 38515 43408 19787 53473 12235
72 19
17698 11162 4881 86298 12452 16099 89314 4102 63639 78903 60433 52737 38635 59615 91784 46450 54942 48253 91093
2017 11
23740 17264 57327 5622 94563 29367 74179 76967 59125 8443 20243
4705 3
66365 9691 27498
2440 11
273 95621 17250 29022 95859 51054 38466 52280 48961 36019 44569
3091 9
29249 57247 86977 64373 24479 78266 30466 33403 90370
4278 12
25418 71572 72711 95136 1017 89993 86558 4872 20348 99700 60842 25988
322 14
37233 6746 98762 24630 47789 72500 52127 96607 22915 26229 86071 65870 11553 41345
1679 14
96725 68538 72933 20174 57066 44342 6282 19995 91367 89694 90049 28976 51344 77193
2075 15
18433 50393 49072 4859 70852 1448 87118 38228 39111 39879 41424 69430 92693 84055 18122
4709 10
2950 2618 23260 48454 17018 99015 83375 21958 95146 5092
2830 17
81508 52506 2023 24754 43765 65030 69904 50999 11521 17347 2816 93477 73779 85802 22923 66058 62515
3993 8
56292 50285 63237 22861 47019 58199 57768 4313
1307 15
54991 72959 77218 30185 75297 48817 23465 60016 37105 86902 82495 33850 76167 24787 52535
1476 12
72019 67690 81097 19419 86219 71712 67602 97603 97715 75901 1961 47921
2200 10
65165 46567 48075 98647 85916 15714 99833 71186 57766 88829
3246 13
92785 41312 60922 57524 65952 89760 76156 78963 56250 17430 29981 65762 87941
2138 11
5474 43595 49068 37049 4045 15015 1663 76670 20154 25805 59919
6441 5
74361 2647 30909 78139 32392
733 17
49094 74547 27665 92724 65928 83833 13284 79180 92955 10133 67770 66261 95415 5837 55817 80266 86454
1397 15
92248 95221 13136 18788 73566 66665 29597 17529 83582 65433 50055 56640 80506 14265 1422
5107 6
42282 26124 25261 89436 74495 16207
5219 9
22397 94762 4727 89641 27426 48243 86054 15058 68110
8530 4
32631 99723 98024 5892
2276 13
43859 88880 22235 28198 39529 75298 80809 40974 16594 50057 53887 83080 59168
7555 7
9913 98853 80645 28735 59433 62262 31057
417 20
47041 60189 35858 93582 95889 53611 24763 15324 96586 54617 42052 6910 23860 1989 67351 99685 66048 94957 10368 275
787 14
58404 56648 68117 97031 28454 28770 93804 22951 44816 87547 14260 28862 26830 39007
8178 7
9401 4923 53621 50677 45833 81080 96730
3025 10
795 13068 16177 39219 25569 78581 2813 33754 23992 89152
4645 9
29448 63969 87740 14428 35526 43472 8274 81895 23371
7984 7
56008 60574 88120 57279 78896 27980 59248
490 12
104 44257 30696 53040 88188 60348 737 39605 10519 97000 24207 5411
1478 16
16541 81910 94114 94760 88154 59763 16091 11030 29736 44076 95287 31959 21990 99281 56764 89956
2548 13
27691 57484 47803 32195 94111 55805 13294 79523 86711 74100 84796 45656 75343
8384 3
76168 27699 81966
2819 11
37738 75810 66875 37410 3543 11173 84131 49564 30728 94870 70051
6253 8
83025 77863 71436 98355 98882 51545 25956 51490
9447 6
89681 83518 38150 38320 14339 34612
6202 5
69527 73534 32439 18657 3489
1133 18
67618 35861 6023 48670 23940 20708 80544 84375 87020 41188 22869 28103 20269 23045 4635 89093 41625 21741
2504 11
70525 48916 370 58878 53082 449 33155 56410 83227 24035 7223
3525 12
89782 97816 54655 80204 60690 11729 99793 88124 39839 90138 9648 26248
5064 7
65751 57941 84578 55912 58186 904 14305
242 16
20744 36153 19002 70018 98978 17280 395 43269 10820 23468 89742 189 45438 86949 78106 48235
370 17
72080 68900 4267 29325 21353 96575 32555 32684 94177 48966 63098 46210 12080 99380 60985 66522 18799
868 16
47902 89428 52243 50525 55200 48775 42156 4022 50252 44131 19436 38056 24532 20414 71352 26508
2250 12
52198 84817 68845 70257 19243 95542 87671 54812 87037 14779 3417 3737
3707 11
26731 94335 77984 32128 22587 57803 38976 15299 10101 36584 59239
3854 11
84046 80787 34562 28893 69562 28622 23882 6534 20817 32246 92790
3981 8
29157 29189 8408 15513 24824 53195 11556 16378
4556 11
64604 37414 54089 43049 32157 64985 76785 57800 45034 40510 33926
6636 7
97223 997 1816 47982 75695 88953 32592
1777 10
89216 13881 12658 93435 77184 43822 96529 18594 45429 45486
1899 17
38591 57857 25893 1716 3380 58204 60303 18414 42150 62989 9339 23284 93748 32672 54589 20237 27669
2567 12
96368 30691 72801 36475 47761 18612 63381 96810 8448 15997 48742 20741
2848 10
65442 83820 50366 28308 69102 77165 58578 94845 98293 31963
4637 7
28299 54237 63609 20123 16353 46712 95262
6979 7
40294 22906 18600 25493 43631 32591 89839
7201 7
23777 46664 7886 17893 1870 71207 98275
7305 2
17735 569
8696 3
45104 94634 65791
9097 8
96626 66826 19818 69480 95707 94747 3785 98423
124 19
90452 72008 50535 27245 24050 22781 61355 85089 14060 15396 14797 95809 42217 59965 24621 1761 73992 19998 98554
381 16
41769 40665 7 3837 8747 83622 23543 86835 78218 26995 75098 97925 64923 13349 2754 17315
1331 12
31281 12924 72349 86946 72124 81015 59974 53581 59676 69820 69818 3541
3245 7
12848 25424 53768 23154 34803 17762 92454
5789 9
5401 69491 16737 13429 54566 87405 15119 97026 347
8795 7
31898 34827 47816 7588 19282 51607 35653
1985 16
36762 21711 75766 53075 85728 52897 71188 77460 55034 12654 72046 21684 61947 44967 50199 15175
2901 9
94766 71126 85111 20707 58807 19814 6452 34002 55482
4614 8
92694 32798 4248 80231 38614 76366 11040 6797
6897 3
14860 71074 16476
8887 4
6956 69321 89506 19827
69 13
92147 35067 52387 86023 61389 24952 5808 51531 11810 68154 65739 84681 61912
2161 11
35535 77726 33316 79403 54735 42313 8541 29731 90603 60933 27813
5065 10
9950 77520 99038 20130 311 28614 71471 3096 62380 63892
6772 5
23500 88834 19919 62509 90050
1984 9
92038 60456 12902 33105 41551 80178 95766 33464 29613
2339 11
95783 48621 88562 93801 13989 65811 98479 31604 5851 73062 63521
3550 10
30761 59389 25997 62814 77749 74796 48062 44797 60417 38174
8285 5
72167 45320 34260 15191 93030
1830 13
38070 26905 5094 84167 99555 23345 20012 35453 67032 87850 49157 11193 36419
2497 11
89009 30941 33888 90565 80191 10644 41298 86828 17597 66535 95546
4535 10
25667 58582 96236 17603 69520 30949 59703 66425 4879 36600
6215 12
4949 11421 4744 94517 16553 23386 45216 52762 67089 24129 94148 49415
8490 4
74268 11887 82276 48919
599 18
12746 87674 11155 89722 86730 70241 84613 23800 77874 87928 65840 2772 91700 78333 95277 77534 56373 20019
832 17
75680 53142 86392 3870 76482 12923 85275 29059 26078 54441 98497 17213 4567 44419 42719 89198 4118
1029 9
52505 79024 25966 15258 55391 7468 64097 19794 2582
1488 11
24347 14619 39288 37975 94939 22695 94462 1762 80258 33891 32887
1970 8
13325 60718 71777 35806 22341 30317 49785 92429
2590 11
34053 70859 5742 81087 97615 83513 45635 45069 37688 78111 54953
3868 10
35657 15235 20585 8246 71860 45565 36551 38492 15483 77797
5851 9
12513 95728 79965 87530 21719 99002 3163 17291 85653
6213 7
77424 58212 51875 82724 9811 40932 46054
7010 6
76342 3374 6527 76992 32844 7866
694 11
62376 2487 42094 49859 56320 57748 44731 58055 95671 76704 55401
918 12
67123 26806 50606 86026 48558 92080 12247 76152 51025 49856 50540 3345
3729 10
2650 25485 83971 45274 95081 52186 91787 15581 92769 62809
3837 12
9470 77605 81538 64117 62685 89564 27601 98230 76390 52789 22974 25504
3876 10
96222 41615 35264 82329 61517 30773 32338 83254 74294 68830
4277 7
15890 88908 34590 59812 76239 50526 21120
2137 12
23019 56949 70379 36726 16397 26245 56775 24477 93795 75016 37854 75376
2738 7
60345 90672 99070 87867 11467 85669 51020
2786 9
99560 38790 27246 55427 34993 88803 10714 7537 72419
5912 6
55233 58401 36075 77245 17694 14229
984 17
99627 67207 10131 98443 62866 38364 26821 43392 5364 73305 20155 78657 43599 55512 3149 29093 64584
1024 11
52032 38759 4972 32114 58408 24268 61721 82442 68426 20277 22368
1515 11
3235 54137 82275 74559 25660 61927 86824 17660 77174 81455 64359
1557 13
23157 3194 5543 79620 13668 657 60485 11168 2858 23294 5566 49134 85028
1596 13
43430 15116 75356 5745 25014 19531 76098 60540 99733 29111 2125 11141 30880
2881 9
80716 25536 90360 20498 5967 92110 13893 96993 17468
5857 8
65193 6504 40680 7444 32808 76320 44471 94779
9053 4
1638 40703 16455 47051
9218 5
23172 89612 27311 50339 68963
520 13
24213 19502 110 61116 81727 22444 63571 13982 13745 90702 30948 34091 41348
829 9
87347 55346 11202 84083 2020 71741 26965 64598 79013
4893 7
28005 37160 77511 45773 56984 75560 29853
7075 7
88983 92121 80133 52111 753 27107 29624
2595 14
6211 32210 37988 43589 4574 7402 24051 14294 89403 99774 58789 21527 68600 47277
2994 9
8702 1889 50273 92299 30713 89280 61227 28101 48952
4813 13
40613 4381 44893 61968 33141 46409 81110 94508 1619 33887 56513 80938 79227
5339 4
63380 8649 40789 57166
6517 8
54157 68098 15326 47637 96553 94997 48405 30237
703 16
36614 97238 45427 86055 75982 66951 49338 73048 56745 10282 89033 49317 23091 79756 70286 39014
969 15
11375 16352 7644 90538 3560 29407 4938 77890 94144 38137 36205 24281 51351 6800 64681
1504 16
10783 39026 87612 33029 12996 27272 76629 25159 89495 73289 60114 5201 55493 53279 36228 81801
1868 11
96293 57160 11514 68996 62025 57376 26663 31924 7898 50201 16181
2664 17
47589 84514 80596 73448 30059 57718 52093 96111 91693 65434 39531 70202 73485 47150 31295 69525 60287
3342 6
65979 52081 9122 84123 39507 49654
4386 9
81146 51286 74910 55589 2757 70149 55159 50686 63486
7731 6
70586 30295 71930 54980 89097 72130
4631 9
52408 43970 80045 489 80217 6866 66446 56132 49649
4803 8
88501 93237 38697 88996 82890 64724 4008 10540
4847 8
28196 85766 78893 15764 39814 49101 16173 2851
5853 7
7334 26098 51319 86337 74376 98161 40237
6588 9
42352 75995 50826 49067 82960 2159 98341 37636 60125
1044 13
32697 14907 35191 47616 60239 36160 60159 46398 72992 94797 2081 51997 46663
2126 18
37437 79908 14772 46775 91307 24695 33272 75921 39045 80042 2994 39158 5152 15433 92653 83515 18221 6266
2608 11
54742 54180 94767 86940 63594 70583 17701 54120 56123 11918 79658
2928 12
12157 63149 84448 50115 16309 82132 57257 16159 77931 83392 47749 18109
4037 9
84441 90516 36940 81436 10238 47427 98773 54646 56820
4319 7
61789 92950 31577 49885 88250 5288 28815
5532 9
99553 58431 4594 70554 9624 56444 20449 45150 8841
5635 10
50090 72732 86870 76916 25642 37473 13394 60210 32143 61221
6751 8
97696 53100 12447 9499 84948 3186 6353 53945
7285 5
73564 40018 69891 63576 24772
8314 6
3608 8642 15104 49592 26183 2974
25 13
28562 16523 79583 69060 8959 97951 26816 14449 87370 87786 60620 5898 31263
314 15
22302 50012 44995 59963 84531 64334 63165 1523 10109 88138 60167 93867 64337 70539 92456
521 16
35549 98259 4233 85149 7326 11261 57801 80393 84559 53166 88648 2254 61408 76673 82837 2059
4284 7
95026 79590 94524 23103 37144 20698 76024
6960 6
82588 71899 67911 50433 54459 72698
7368 3
91433 67270 83691
8505 7
10869 75626 99498 63958 53693 62215 68816
79 12
15601 68010 81522 95827 20294 9743 17409 34003 40712 3069 92238 5547
458 13
16259 80536 28797 128 45076 97306 52949 56783 62355 28423 43977 11323 50016
1246 9
30500 80211 80527 51374 20097 93683 98774 4487 54425
1316 17
31724 2024 40854 9602 53426 27652 8399 39821 42573 88579 91966 54062 11195 47191 76036 16199 16101
3568 12
99956 31134 3120 37582 40438 57089 38169 20511 38570 1417 34112 15600
3586 8
66498 71835 15365 57227 44102 74127 69328 5869
4563 8
77153 9803 77888 98262 50753 60440 33076 72835
6115 7
83165 87223 46716 30659 28690 7852 74708
6313 4
31659 55835 71033 78987
6338 6
28228 50679 87956 84191 95615 45550
7791 5
32187 26638 41427 87331 91641
9829 4
88487 32779 47315 70861
2783 10
14714 38236 42792 63986 76368 50528 52842 93047 23568 56288
2900 12
42158 47321 28661 314 15207 63775 5624 51805 64218 71673 21725 8159
3597 12
59146 40462 15572 37962 55285 12667 43268 76133 11413 84345 10118 95110
3764 12
60792 89748 60695 26712 4642 95518 71135 33508 51167 6290 86064 75741
4717 9
61563 28190 12998 43891 2654 79767 67252 26828 86264
8050 5
24179 70363 12728 36105 39647
248 17
42868 71460 99836 45880 33656 42673 41711 10590 4364 7283 21590 41047 14983 31765 84520 63932 9102
410 16
10196 2897 65641 2155 80829 62165 86274 41174 88539 16982 51626 36890 75795 47334 78865 97393
1420 15
88102 26410 11526 24206 46426 76512 84686 39276 20791 82035 74425 28783 1597 18028 80524
1453 18
15385 1339 17714 49749 22832 28208 24651 54983 70749 12015 39332 51412 25123 74243 59341 68226 66733 38811
5390 7
41659 83944 80485 75021 26973 96555 76674
7104 7
13281 72320 50761 31313 2984 61556 88759
7358 4
34122 46729 47834 81897
9566 2
41865 52477
9855 4
2999 56073 74200 34698
498 15
4651 64733 75135 38688 95302 85390 90223 11241 80075 77897 55274 74383 72849 84687 14276
3134 13
78031 56152 55714 79014 24736 57609 57795 34373 85767 66699 85527 76660 51206
3552 10
42 69434 64890 31819 43720 39157 77022 68779 15879 85967
4589 6
42443 21652 65364 15019 57543 69690
6976 7
80822 64849 97336 81336 97119 89056 32712
7281 6
92440 26693 87511 83800 15340 74003
7839 8
99997 16484 94038 80364 33645 4628 25222 66130
3229 11
74019 76434 25510 99601 60149 10429 96380 9100 45433 35511 43290
3267 11
32154 54747 32751 31974 16456 21116 6432 74437 31347 91120 30344
6054 4
19734 15284 63110 58795
6235 7
33564 89751 43368 54675 27975 14188 51514
8124 7
74777 17381 43674 93906 69653 63901 77569
336 13
20031 33376 95097 69547 14879 68306 35413 4018 4456 78480 45101 72530 708
657 9
62073 35060 56560 28948 42847 18766 39742 83887 7188
673 15
59134 58881 17215 73053 29444 50079 92933 44256 93437 97092 37068 4694 42583 46508 20178
1137 12
53183 94733 49964 38498 15617 75813 181 41013 89486 86110 52467 23843
1948 12
21221 51547 55184 90682 87494 14595 85158 39560 99273 27621 47299 21302
2115 16
40196 99970 62652 70698 72783 67550 50089 28285 56731 56546 30329 99988 57393 44940 36470 82299
2998 10
42006 16572 13822 31009 14986 88364 95424 71448 59790 1070
3318 6
69979 58059 15194 43084 80271 76786
3999 10
51204 87352 98584 65489 56661 68419 13657 22678 34483 12382
4038 9
46822 52765 49080 42005 75852 28298 42184 8676 95365
4618 9
62124 86718 12430 44069 56330 97876 74901 73190 49356
5172 13
71104 863 32583 6742 67828 45727 40985 17102 5955 52269 24432 57499 4624
293 15
66807 35161 1378 23028 98159 32085 21757 87656 88008 30919 74344 52805 46410 15322 19233
983 12
22963 23431 63719 21861 44155 42650 94891 13684 80601 1403 8149 74032
3967 8
9551 58643 78743 82439 98150 16002 89256 81836
4496 7
54582 15628 2210 92646 94856 51627 61278
4977 12
11548 36862 65947 63297 16293 49185 37896 29970 90518 11224 25892 24860
5510 7
49426 66083 61620 67104 64469 78494 15448
6006 6
86144 44847 18745 70357 80012 84040
7021 3
71094 69638 39880
613 16
58866 35584 45699 6207 27843 30748 29089 53323 62608 66286 3318 23127 58267 98922 58538 1648
1743 14
24247 80002 24269 11480 20821 87627 76602 29366 94296 50948 68503 9692 23004 50750
6760 5
76560 55649 18940 39307 44692
6977 8
71114 97203 32183 70449 32393 99006 48057 66128
317 10
35908 82751 62775 91989 87192 5507 14071 75006 47106 50601
1110 12
82667 63840 17878 46345 79109 81924 52822 31146 94775 13971 76657 11124
1164 9
42917 62806 97734 13120 20004 12671 99321 99830 29232
2119 12
59456 95209 10162 45675 84550 27592 88212 4940 34485 40627 93238 76818
2131 14
4950 49793 57250 83882 32293 5323 63610 60033 96149 98680 28303 96117 39127 30118
3216 4
14944 81216 66583 79179
4506 7
5368 48250 68459 88297 7121 38358 69560
6779 9
81514 64426 17379 23458 47364 41851 42236 2282 96152
6997 4
5905 87668 89931 66150
7344 8
77416 77088 81481 36586 61206 22816 48724 10626
8409 7
69191 30021 59291 65606 38604 56398 98392
9985 6
27065 4521 81477 13262 18118 57997
83 15
13463 68141 80483 73003 43912 96069 20825 65409 85294 72666 41578 17989 28287 83179 31628
296 18
18353 68972 34006 70315 44461 34131 32470 95246 20885 80421 7083 13780 5286 9523 62489 53679 13112 18247
1345 9
88362 31986 51800 91428 52360 94509 82341 23559 42322
1425 9
90989 61665 41816 71125 24556 74273 74693 68541 44715
1873 10
83188 14302 87217 29783 91002 21409 75354 92516 83314 89584
3944 5
31687 45395 340 71849 39648
310 15
56999 2192 9345 75665 99948 83307 91758 47216 18449 17185 27463 58340 22665 53010 14930
1241 13
32832 64170 6017 35438 38480 22364 67054 31753 34500 30381 47856 99029 33262
1883 14
87448 41480 67858 18921 93686 87919 43476 55701 35036 54108 46341 8527 97496 12144
1927 12
91736 45031 23592 33481 86437 32340 23729 27236 77772 73243 40567 3347
1989 10
39893 51836 64154 89037 61260 24761 60870 97175 80644 70849
2111 11
5996 8110 29311 43759 88323 6578 47961 60359 10258 60105 26952
3277 6
94314 67204 39314 19826 30216 29145
4473 12
50710 4317 26005 51623 81713 53865 42415 18569 71325 80782 62394 95684
7407 4
58136 84012 65910 99915
319 15
12761 108 3195 44632 9703 1286 13491 71080 29987 30045 75106 65450 55351 2162 61579
1886 10
34381 24943 77196 19375 18501 23337 69917 56011 32430 16148
1996 8
34632 30382 26562 63868 24317 67027 83088 69113
2047 17
37522 85450 94556 19298 75223 10296 80520 75276 16869 5708 81296 44463 7932 31450 65400 16253 956
2269 14
68373 24443 60244 54550 27432 16400 83406 77141 79711 21349 77337 25367 7341 36013
2651 6
87639 87520 51735 7277 69343 84919
3593 9
98014 47659 43298 97806 34994 54417 63730 86790 67321
4330 4
87042 2290 96206 80442
7582 8
69696 47879 37525 20934 62470 29878 21340 82778
8260 6
43255 75316 87805 83122 47005 59725
1878 9
33312 95668 44655 18070 28574 48646 84076 55740 98695
2973 11
69762 48717 33642 34494 18578 14362 98433 14497 75883 61101 37616
3719 10
37449 47367 38987 94938 90708 26483 7953 89283 80832 97039
4112 5
572 68058 13957 67144 95395
4170 11
1918 9654 24690 21707 84045 3723 39584 62164 13380 56800 22287
5437 12
58359 62156 36537 10326 78972 70941 40517 90727 99313 39244 37541 75118
5810 3
28584 21603 7993
7914 5
49133 1456 74671 21151 81934
5 16
31929 32713 47081 83777 14459 30091 69906 62891 34776 86009 98759 70553 90613 48874 41431 85820
811 15
94207 60123 68738 50881 11148 66814 25691 7006 43056 84120 33777 87847 19254 58470 87977
814 17
41032 97902 23036 50581 5977 36942 55991 94732 52641 75362 17022 49076 74620 63855 46466 84488 84848
897 13
43187 30177 35768 89915 85252 6362 19537 92813 3370 71146 62212 44446 90241
993 15
76936 3923 65658 83276 62743 73163 5913 73605 93522 15551 82869 96099 98571 37640 2896
1584 13
20516 87744 35610 67789 55911 11055 41634 95584 39082 80641 92745 51502 30631
2557 10
36888 41614 88147 64183 12946 11910 82808 36464 57927 71911
2722 10
98911 91586 91360 63545 68648 63596 75932 75712 85352 22626
2890 7
59460 53382 64427 58072 87869 58129 4120
3726 5
60925 28561 28990 32226 64035
5607 11
35592 86135 87884 59715 47916 49891 93808 25977 99744 52916 1237
7143 8
35678 46194 45165 82181 4712 81037 61091 71568
7193 5
71752 53826 84847 92266 59092
7881 6
30489 8436 47235 94115 95013 40758
9948 4
90758 83858 24599 44866
486 20
32434 31791 70433 28477 78122 77753 92872 16438 97830 35600 30785 74082 62384 92546 57487 21153 17824 1886 4790 80033
682 16
57490 47847 33000 6927 68424 90207 75338 45690 97980 3557 67458 84194 44613 88473 93357 32681
963 14
30255 83507 75948 1039 37402 98800 28885 82597 91036 52089 72532 83252 6568 80121
1711 7
67380 15318 45685 27128 87749 22263 77518
2235 12
75038 31664 81026 91372 34107 39343 65586 91502 56327 90978 94805 18597
4116 10
40454 61807 41152 52495 70766 67788 28986 19149 14922 43174
5202 10
31782 18250 84619 60356 58369 34541 97824 65496 15311 87187
6079 8
81771 72673 10997 76709 16853 49 22024 97034
9255 3
40739 87929 82545
438 14
35054 11330 83889 89610 42082 32649 35391 69232 60434 38629 66175 63712 66969 27092
440 20
92904 97381 51407 98786 64025 14865 22669 90229 22051 96386 81887 75875 72845 88277 22116 52863 29751 17196 52208 65068
783 13
18165 32306 63943 2958 41389 67862 593 99706 92020 68715 85759 80409 89896
1037 16
90410 90382 59650 97148 89697 67113 59078 11076 23309 86998 91667 61415 46511 36246 17608 43317
1618 16
37148 59773 27330 59552 87687 2216 19733 36 16210 41190 89628 39408 30016 97250 43601 98289
2257 8
53545 92596 49709 26567 35380 97877 83071 24086
3470 11
23632 33836 46955 77800 44068 83206 41087 88324 56067 73037 72116
3698 7
64709 82055 68347 32312 91786 29770 32386
5654 11
59164 47669 58774 89846 13720 80070 55252 94010 83268 49319 42559
6025 8
57798 32999 79770 22120 73040 30227 69963 55115
9108 7
5784 87785 69876 21047 42463 45545 44442
9540 3
76067 40796 69550
107 14
48205 79550 82899 52031 18315 11806 11429 92509 13672 33607 50847 321 2626 61850
335 12
96982 14122 94501 51965 80480 76675 93125 67888 37203 47002 29236 37895
383 15
67988 91316 94394 88866 92070 54707 32051 69734 4887 20909 928 82241 23838 94186 4838
429 18
90776 12563 69309 74800 52052 7651 46763 74594 94069 97297 34658 98693 9338 22388 50240 65576 4563 16011
1550 15
55633 33528 76247 32205 27391 53781 40400 94711 46278 95024 96794 38858 68279 39689 18735
1723 11
73071 70344 33745 60342 34302 78751 78358 8285 93635 87936 33651
3852 7
15380 9965 48069 72242 187 53683 77060
4164 11
31466 83030 91515 83957 13419 44932 5488 35906 87460 4903 32376
4252 9
26067 72729 28200 48475 56397 51077 41155 19213 62340
5397 6
53613 53554 25888 71639 77282 15078
5426 8
48107 8856 45328 89167 51907 19950 28081 80783
5565 8
77462 29798 4315 70730 91866 64592 56005 79310
6603 7
29803 14793 91856 78897 33966 72164 33322
6915 4
85197 39955 94434 85422
7124 7
15534 15911 54052 78852 63152 84187 11559
7243 6
43122 11852 27950 77263 30369 36003
9316 4
47249 5807 42636 78016
9486 5
29916 25217 96171 25214 88042
337 12
60537 92029 60311 44595 36601 92183 21105 2378 42781 90248 54872 14332
407 13
24876 80675 18420 43265 63462 89988 71500 97045 85883 6225 75547 586 67822
1002 13
75761 80553 53213 61038 9968 29363 43863 28160 38792 27661 51557 45978 49726
1303 10
69822 86784 62938 16140 57796 68932 81156 61669 38393 10712
1415 12
67311 60818 12331 89423 36581 59570 83073 77295 11057 18746 86353 35560
1824 15
81351 22845 72932 93300 24816 30186 29019 8572 65226 18005 33502 59120 15316 63962 60722
3094 9
10417 26457 19811 94442 70804 96483 62188 72753 41836
4364 10
61301 34699 36672 21995 94136 48440 24242 30905 7404 33386
4892 5
27342 84002 41906 53588 92278
5360 5
20246 56937 55642 76585 91915
5931 7
45909 49252 33896 96836 9728 65322 99511
6783 3
44717 67583 33737
7995 5
19974 78404 30852 5768 95027
354 13
875 96198 30651 24559 43612 12881 7916 25768 17591 91603 40715 36524 31721
445 15
24482 69678 64459 55148 18854 24640 90346 14411 27036 36172 86612 2014 92413 59344 35349
585 12
10728 22158 28778 47000 95338 72114 62068 75655 78187 40085 58239 90553
1226 10
64032 233 95939 44968 75758 22973 77342 8998 86281 44775
1249 8
70255 10207 60004 24923 14370 87288 43004 76800
1940 11
83694 8102 23551 71444 60753 9662 37971 90017 18210 1935 17064
2086 9
10082 71240 22534 21483 77395 69080 50175 8855 64126
2162 13
34879 63614 49668 84861 31401 54504 93034 42376 17961 44531 66269 54449 81932
2798 15
13972 3363 58337 2298 39151 24639 46101 55073 36023 90997 7485 74714 51701 62930 79291
3186 11
15814 60091 64921 63734 68807 96963 33520 37262 12675 4252 15050
3678 11
29646 74726 53732 62688 7032 47403 10529 89351 78677 85429 79816
4951 11
47056 28703 83976 81802 58531 17051 4648 9077 68640 80866 84586
5761 10
82127 58793 58848 70757 51586 19707 17367 82537 7101 84117
6134 13
3 17304 16441 28511 93362 14464 46847 15983 72197 54442 53746 8314 58272
7096 6
51471 37822 70558 98137 11788 7263
8677 6
75934 86212 69066 61954 55736 84362
339 17
69372 27942 88088 77635 43697 86688 42160 79228 55575 37593 46187 34201 72357 36061 13498 52082 17915
1361 14
24193 67742 23315 13303 36320 93481 37985 82665 2574 65315 36891 98455 23169 8013
1992 9
15657 27810 12427 59875 19527 23603 83935 39856 40390
5091 8
12683 28866 21570 44496 89906 57384 25414 38037
5388 7
16596 68884 6239 22454 56049 47577 31625
6185 9
1550 85140 92901 81670 4259 53631 50605 64503 39140
6754 3
38055 60674 57188
7363 5
15437 41293 47600 16559 91931
7493 7
79072 78279 50461 26660 99864 2100 90060
7630 4
7311 23548 92006 58172
9548 5
5328 79741 90100 42365 33079
283 16
34533 42973 17523 2751 17747 53977 20758 41323 48462 69277 80348 97229 89784 37540 66568 97389
706 15
20841 1804 28375 10130 68665 15331 96598 13147 10091 20981 21956 90300 2800 27067 2442
1014 13
67950 76791 62913 77146 65429 21950 37599 33578 30283 46274 27325 7927 74625
1731 17
58646 2408 76857 68097 84056 6756 26296 9773 4499 44982 88863 62603 45653 95703 19645 49365 26239
1826 16
83776 21922 83330 9471 38060 90765 21512 66497 5968 62632 55687 26070 79766 17481 64048 18765
2657 16
83921 68893 20372 42175 69036 32792 36709 29608 86153 70935 86839 12476 47663 14268 46433 24266
3871 11
38562 2283 52692 93465 67022 29774 86380 6198 34264 36057 98821
4979 6
98510 18678 52458 55331 57151 68539
5272 10
44610 49264 54677 6228 50995 18631 26000 52185 37152 14946
5502 7
95575 77010 31933 538 66290 37230 86072
7838 8
41456 34832 4101 76370 81182 44970 34154 44332
7989 1
46874
9027 3
58873 66363 57018
9291 7
28222 55315 49163 31620 61965 43178 77294
470 20
34263 84614 71140 60568 72655 34110 75916 83487 84652 65050 7128 85789 58852 30681 54586 84978 50532 61793 72346 42465
517 18
73642 47947 89982 30055 74050 54076 54503 4500 90605 41481 21012 57333 81806 60630 3476 74245 46862 79584
672 9
88872 97881 19788 77869 64764 28266 1186 75845 26742
1244 17
9198 73099 58545 71727 30477 8718 4661 60745 98458 88658 75652 40847 15399 71236 60374 65878 69323
1464 9
32197 70201 10968 6964 90673 23162 31005 61212 40376
1682 7
4814 64179 53116 15285 78983 71806 3620
1752 17
3907 14089 63175 83265 78980 226 50923 34219 66285 14251 56345 3970 67044 40002 88425 97137 70743
2535 11
31798 214 91013 89687 69875 70731 82376 6673 13128 42348 71440
3423 9
39192 25385 26412 39312 84195 82192 48157 76678 62122
3626 9
83171 64512 18769 43673 48568 97070 88247 12872 93140
5002 3
4951 56284 10707
5097 6
95489 60295 20396 44628 77137 61972
5471 8
60059 69600 92558 62953 65498 14515 44193 33430
5561 10
45745 83556 22956 77839 88233 63862 66602 60024 56036 78902
5707 4
1421 76052 10591 46879
6386 5
9874 22813 19711 17594 71764
8390 8
60519 27709 90497 17788 18962 65036 48266 90866
201 14
37292 43702 10122 9003 59402 36432 55418 97865 22782 71461 41939 45238 16015 71506
257 12
10011 46943 23752 88115 40565 30468 43841 35009 50651 47090 48541 7848
625 11
36083 19051 45573 40621 30496 67329 43832 19915 6725 14438 47274
1048 14
73942 35936 2777 46095 40363 36777 98940 93924 51088 42369 94677 2719 80509 87605
1813 12
15149 21712 71192 58637 31624 86728 8506 32864 68464 94960 72561 41353
2366 12
49331 39807 15075 93864 65455 1659 1973 51078 78503 49368 90125 6938
3050 9
17096 89911 57053 69020 80440 20139 14042 77035 7507
3955 12
63838 20670 77965 13169 48400 38251 96437 21941 88248 9607 21980 76480
3963 8
85557 77271 40175 8815 2032 46136 14372 44899
3991 7
89303 19820 965 63001 49440 90156 47613
4154 6
35994 66068 2105 3619 89968 1117
4451 9
44298 24661 90999 18960 76468 82748 9740 73365 35019
4975 11
31058 59131 67501 82202 44093 27153 34111 46795 50453 8832 17712
5558 8
13453 57283 73892 55631 52752 84504 81428 79856
5765 5
4691 21176 88576 15756 54227
6885 6
82690 6480 5015 85859 66579 17732
6916 3
70456 11809 72127
7512 8
45226 13473 35094 50060 32530 76140 90572 88722
7666 11
67198 62577 83744 6528 59732 74893 71368 7657 12676 64442 10829
8095 8
90909 90214 92161 16669 73611 47435 55875 28981
16 18
40720 59477 86246 45051 46573 14484 79317 12081 19163 80933 31044 65538 66289 46212 78933 45060 69365 21273
360 10
19893 18869 31367 80851 9390 51762 80824 26241 30215 77074
930 17
62830 77709 60154 64593 24536 30940 69882 68671 98123 64149 24066 8878 31670 68975 55988 15374 69252
1922 14
47480 28272 46302 78341 93974 33006 13471 61330 66594 65637 56722 10999 12422 83563
2265 14
26519 61153 79060 88338 91725 40925 67068 19445 2187 70665 79075 81633 84763 46964
2457 5
36987 91283 23508 55480 8334
2746 15
99148 70366 11870 27449 84885 2760 17972 6172 86804 77302 37813 92342 39339 61610 94130
2991 11
80187 60312 11897 37044 36568 37961 85266 90602 11800 69656 82300
3218 11
86848 1010 59691 95143 84101 5162 46846 23405 23072 37840 97500
3289 9
50625 88478 37342 59597 6747 46612 26706 52384 72724
3529 9
71227 75927 1810 36293 25057 31928 92291 3068 80431
3998 9
89508 94628 4051 53876 19932 97779 30958 57688 64979
4380 8
44273 46072 66833 18963 38621 61185 93492 45042
4430 11
62452 52219 58755 44228 92534 36836 73238 68883 80369 3216 14462
4626 7
43299 59185 47575 72668 31619 27547 55430
5113 10
9777 69790 96410 83827 14354 26368 92685 27943 63919 4515
5345 6
11138 17624 94530 56301 24450 31374
6232 7
94613 79311 66470 19078 31697 93005 33573
7038 4
34793 64379 16268 11272
7963 6
25831 28370 79522 49736 9705 61205
8056 4
75487 34361 96476 63827
9460 4
66906 3868 72555 27752
34 15
27800 37051 58167 95869 97750 6351 83619 22903 94768 78776 54026 89682 66243 88521 34868
500 15
91652 22260 58655 83347 71608 99206 94222 22226 57125 98225 53816 25274 62468 66310 65414
620 17
31142 10717 63067 27378 17004 69387 51771 86290 30153 75530 76139 53525 11351 33339 51858 52399 90128
891 18
64491 5752 88916 6322 25101 39858 76477 69921 79752 77788 68095 44791 87948 10855 67375 61413 2533 74930
908 15
4979 95934 91148 53434 58626 14943 20747 79850 69632 10315 40632 95210 30744 6822 18170
1516 17
7187 86602 35392 6026 65931 28928 26779 68551 88346 96431 89052 74133 38377 99725 75545 25771 93938
1565 15
19907 82383 60497 52008 94823 71487 61342 91398 5130 29635 72597 96150 97056 34472 21345
2414 9
97573 72821 7645 8296 80871 3831 67102 44723 85993
2990 8
91357 92293 55196 19416 86907 1694 18740 21894
3883 8
73083 48709 42944 44369 73176 52270 97903 99574
4065 7
69244 9496 44996 69141 59940 99292 43537
4395 7
84928 91034 14023 69050 78663 93942 68609
4704 3
96939 79826 66137
8392 6
96946 29951 80643 2231 69215 41824
8449 3
80146 8130 63841
237 13
67478 80910 31849 73477 95786 86725 88352 62161 48154 82791 7343 91842 12804
436 18
30423 65951 11589 96497 80284 78386 20540 15140 58907 86715 41981 94503 73634 57743 6930 48725 6619 63990
542 15
77627 53334 35954 98687 33694 45750 98025 88830 85408 90563 15560 77058 12927 22135 60895
548 15
54149 52961 32263 47559 53466 74869 1969 95358 4373 84013 30740 28077 87470 87751 71669
825 17
62630 16387 96894 49609 44047 72211 20058 9758 63729 88894 69306 78064 32974 37375 83695 19761 35649
1065 16
50281 73016 9015 91882 59899 93966 77947 39346 87160 33295 95946 54970 76483 78289 9836 36080
1661 14
85544 63329 31834 75322 61243 24792 148 41620 38934 54200 88907 24511 11558 51298
2079 15
49369 60294 96654 87837 87813 81842 65350 10174 47464 72866 22275 24382 87657 58472 82091
2147 15
79979 87523 69647 94883 76154 58874 46721 21848 70931 14417 39926 70177 69524 88703 66472
2824 8
7772 55607 97295 55254 14508 97960 72587 59793
3254 13
39232 73371 31863 36659 7625 83955 57953 91770 67333 34267 73943 9197 16018
3307 12
19159 24629 29291 60928 80457 40813 24765 62701 53292 43229 68951 23112
3459 12
87562 8575 71217 77920 53358 28136 17120 24874 10876 25755 87515 1678
3792 7
52065 66718 92435 9826 75482 8578 1063
4026 8
77408 94401 79079 8548 25243 97985 398 15377
4660 9
39466 26081 49130 68486 49197 10404 62952 34629 53046
4713 9
79089 6256 42024 86903 2430 15233 47016 97498 7840
5100 7
3664 65914 90513 8513 81289 3203 63229
5184 6
50275 7958 16570 64904 49202 20590
5966 5
49097 83074 84774 37855 52220
6212 5
15924 84445 35388 62838 29498
6900 5
61143 26881 84837 65779 40778
7007 9
52012 4710 65628 1617 97215 37396 45220 13798 60591
7294 7
92094 23108 83796 14520 21556 64804 12787
8518 3
38231 85977 22438
9095 5
92928 17192 12473 93109 3621
38 15
92416 61902 45134 96167 40183 42521 21768 5620 40728 734 21305 51190 97654 10335 8915
147 17
37740 73296 53926 25669 85475 63425 35845 77014 19749 55169 37483 94927 14550 22178 52718 10586 88118
465 17
82793 666 10458 1139 5493 22169 43640 27856 54490 30843 39961 11588 32334 57715 4418 36875 31246
1778 12
71627 51003 97633 14180 37771 18685 44766 18335 98875 68698 8363 7926
1807 13
55560 89163 88360 39933 77216 63275 7847 8010 93474 86753 94259 60598 48294
2714 12
88095 88007 18199 60652 16027 243 77069 26672 61915 1865 20559 38324
3919 4
90734 56056 66590 40245
4011 8
17556 62780 25444 56544 45199 64750 71497 27333
4083 8
71983 1959 67135 23437 17715 16089 3262 92141
4383 12
49762 79012 92898 11447 88191 64548 3660 21265 37770 15791 40441 51153
4669 10
47499 10928 7570 16777 97200 53493 50155 38851 51957 70364
5589 5
63705 59009 93461 32515 59911
5818 8
10087 70993 35342 1281 59170 32589 84011 72617
5849 7
80951 45671 1608 97553 15950 44926 49834
5990 6
46525 27750 24991 30267 72817 57778
6229 2
75827 24198
6370 12
46583 34253 37690 25601 43840 93433 18097 33734 32239 94898 93870 91160
7071 9
61317 28620 32802 54358 49768 72570 40860 83688 83596
7308 3
29482 67249 75913
8792 3
22102 20600 6357
9294 6
33522 97076 57295 89243 37909 747
20 18
60514 37314 21904 99671 92494 54544 6642 54112 83263 17453 82710 88220 70902 45286 46404 79689 68344 56269
401 20
75380 26745 48257 86633 61483 17057 13170 76985 76566 5896 4749 45239 13769 56920 20960 88244 58449 37875 2236 54414
637 14
55018 76310 69260 47643 31175 85689 76965 33750 62392 53337 57881 40066 81280 86656
679 17
93904 98826 76598 39950 63537 5442 42288 1380 90947 5008 8937 56499 91702 28064 38913 38440 85535
1721 15
49144 1271 6368 66601 97360 12706 29998 979 26762 13436 9681 1328 46182 96680 75648
1742 13
56059 58461 80433 41731 55744 84870 17314 94839 14368 49286 57061 33803 31796
1855 18
9069 96407 95525 60793 59700 97531 41712 34946 98138 73047 29595 68164 62318 42300 58574 99613 15651 73051
1963 13
6107 60410 53039 47421 21730 41579 41118 33341 41207 36653 22925 27447 95370
1978 5
76064 98454 25345 98923 92074
2778 11
66600 92159 64301 95289 53630 12271 5212 95839 75312 61039 13424
3290 14
76 17413 90740 33484 28385 14447 18661 93512 79759 91742 43961 10959 23482 81172
3406 13
67680 33196 36740 82917 53507 86708 86556 66604 39556 55139 77535 3749 22649
3413 6
46956 11789 23259 93981 44479 70750
4457 5
13166 74825 43625 29127 89588
4919 8
82160 89104 19554 24316 74860 6006 92830 60469
5942 7
38755 4449 16285 9609 75667 97150 62284
5971 10
74513 30555 33269 22971 48281 36326 89985 37400 66882 83747
7658 5
47815 82620 8891 55638 40645
8226 3
97687 42020 23282
8521 8
72412 83416 86374 9525 75115 98065 86004 3523
9239 4
12123 6754 65093 97260
136 20
62274 59705 44802 59229 71630 26421 89139 13762 91654 30890 13761 96918 77442 43787 58009 98607 56992 40032 82340 80739
896 16
73411 84771 17942 10622 32544 56854 65633 27111 31190 91672 72230 55381 95797 79679 11746 23617
1139 11
63126 33173 51672 13159 59678 46215 41635 19263 24234 80578 20382
1176 13
35942 84570 46632 92171 38649 58895 7382 80163 17553 57842 85015 91262 63336
1189 16
97821 27803 822 96492 92432 45900 4207 76647 79407 18054 95218 24042 87032 42713 15220 83259
1601 12
24960 40625 99629 8350 44328 7951 48156 86336 97871 98568 39225 1408
1844 12
6335 20577 82730 3226 69508 67733 47525 22883 95886 54363 92028 19179
1923 9
40123 85162 23612 26537 33125 45187 58861 98448 99277
2021 13
23418 59167 74288 78156 64069 81421 37960 1843 32198 35269 78468 12950 50373
2268 13
46809 37530 82754 53492 45035 86866 7877 17071 46685 35862 30371 18519 78188
2537 10
64285 51082 83929 93270 27730 95777 67715 91004 46571 16092
2655 13
64957 18033 46808 79903 16138 33581 68865 5767 69053 57456 78284 29910 89725
2776 11
59690 93717 85673 50711 18378 29441 12399 21246 12978 51496 78989
3247 8
22884 66506 18090 65871 32734 93240 7233 90099
3632 8
42140 91017 55839 34962 64088 31648 23357 56974
3694 8
73461 51636 15275 41072 6270 5169 71694 18790
4101 6
8983 65510 840 65631 92118 97993
4241 14
80956 65406 64581 32512 87208 11817 28901 39604 16678 62174 5812 57750 23074 66206
4381 9
47841 18215 4894 24950 75947 1734 38669 46161 49126
5117 5
12315 81352 94198 24745 8709
5171 8
71222 10543 49129 35832 8111 98516 57161 22050
5193 8
28848 57071 55715 74255 89721 60938 21798 84756
5811 9
30850 72936 74209 97719 73954 85320 27102 50897 99537
5890 6
51014 86418 74252 21789 54564 2906
7259 6
14752 40291 70983 76989 28376 65832
7624 3
49741 36908 74820
8254 6
42451 12813 67518 21884 71939 88947
9647 4
46419 6639 22523 29392
142 9
72905 70926 29870 52504 44876 41397 69776 27708 25320
456 15
7165 94108 41921 62416 37620 66596 60387 53796 44679 71859 9380 87689 65439 59989 18385
537 17
25397 2473 81853 30595 27234 76734 98577 15699 98569 14282 17842 26854 86922 39709 85228 51889 81256
643 16
55374 84711 99460 73064 28243 1126 4375 8537 87427 39678 80377 16021 36961 62582 65144 81916
684 15
3569 17968 77143 76599 76404 59709 7471 47959 63941 29962 18534 89530 62168 75396 78566
1028 9
88525 46773 4225 60552 6622 48004 92049 77170 44539
1234 12
41240 37480 63663 52546 51252 75509 26014 64852 63135 17433 92287 90492
1268 18
80268 68325 85192 6648 2779 5787 47798 99819 37784 17540 30239 97669 42468 73816 21854 17914 12045 98037
1288 16
75480 96875 31277 17535 48631 73343 72681 68253 65587 34637 6248 76667 23362 45021 58451 44331
1507 14
70437 96383 958 45804 44935 90475 30098 84089 21198 9953 63316 62551 23003 54791
1924 11
97887 14053 43103 27490 51494 83603 96748 21520 84775 93873 18224
2244 8
67510 2579 1072 52907 86802 13962 30155 41287
2260 15
69575 43072 1867 32797 93385 94835 31416 49470 65117 21737 53854 40058 29339 95866 42714
2375 15
7137 81737 7000 72883 10711 15912 93719 50227 72134 20658 68368 29920 23324 66067 37447
2837 6
70238 91512 57761 94003 35309 93926
3034 8
28057 1035 70245 69266 88522 25349 65198 45572
3156 11
17659 20300 70022 5883 18056 43827 44433 69169 60921 41314 93278
3472 8
59977 3501 95870 587 54738 28175 35120 92424
3507 8
1983 39656 38983 45935 49256 90321 28944 12840
3622 13
12239 76681 24612 66237 89331 80674 44900 17060 95080 57909 4741 22725 42567
3667 9
41337 18478 80618 84363 62143 69139 31002 13608 67393
3767 8
1089 85214 48637 30125 63332 34176 88197 40631
4068 12
73470 79609 64187 57186 72005 46190 53856 48269 75385 93308 19220 53021
4084 4
80992 28011 63578 28414
4275 11
93416 70417 2809 4338 60857 98905 21220 71821 46631 80892 86091
5286 5
94415 27086 33603 47790 84511
5805 3
750 60441 17082
6485 4
21521 11652 49367 11795
7025 7
18708 98482 33186 19809 52644 52788 81812
7424 6
66877 93336 31399 80275 96478 15121
7786 4
98713 25158 1248 53760
8958 6
60861 9150 55120 68824 35279 59386
245 18
95513 9366 42277 33358 21775 49980 43905 82311 35988 67961 12185 19063 85377 74282 13505 26545 93787 21579
389 17
85213 56458 31056 60813 35995 57105 60971 3777 16355 2817 46437 80513 97289 35872 91243 62520 98125
579 10
12219 42065 62224 45252 49017 66917 75165 40520 67171 71023
596 16
46476 4486 19381 78750 45189 73424 21094 29978 13413 62933 90416 72410 92762 5803 34563 86698
840 12
80058 13123 36179 32726 11608 27925 7307 49731 40919 80803 4366 12625
1181 10
5320 28899 74718 12567 4193 28042 78261 92124 27377 83554
1876 11
69212 32017 47861 73738 42203 36623 64029 46246 36846 59643 59688
2415 5
86608 53402 45738 46548 36089
2986 8
16598 79125 94600 6110 10776 36128 32452 9746
3212 12
85403 26592 17078 29924 703 84954 55051 36599 15474 17702 75898 9199
3454 10
19304 7321 31384 52330 65309 32422 34871 4898 98346 65778
5555 5
3773 40617 53231 88406 15588
6076 7
73316 16963 98737 20059 90393 18577 10124
6109 6
12003 25854 71786 61318 39924 19931
6153 12
29233 72700 16235 74845 84343 75433 99823 21525 66858 42225 66107 26120
6484 11
39787 22878 2347 91647 66040 70009 87186 73073 64720 3922 6410
6792 6
3160 7163 52189 60785 28459 37289
6957 6
51669 32686 97950 35443 94880 93239
371 17
76661 49930 41272 74557 62569 51237 78025 76161 10165 4481 94840 48248 368 12359 48435 95536 59367
379 17
72588 47267 86948 64684 39454 40299 83468 89172 49135 50125 32075 6458 48493 97853 97232 60701 93399
427 11
77837 40282 98000 99282 97772 77656 44066 50193 92463 43303 75089
960 15
81617 5744 69955 90819 72642 68638 76569 26015 87430 84332 98653 99227 46488 96800 10369
1086 11
76487 35102 60512 67639 16383 33845 5810 42472 47250 45867 92886
1224 10
61704 16614 7351 40119 45202 70152 23191 70091 625 46850
1387 14
1764 7146 1750 33690 83555 69293 82649 11485 87865 47004 33853 69901 47755 24782
1500 14
40574 28932 65605 14209 42562 91043 9293 82465 19342 68817 8147 88956 43054 14421
1520 10
34953 63132 34585 15181 42209 70041 32689 59509 24175 25451
1561 15
5669 37006 71237 27889 9880 92091 16710 90433 18027 53032 38789 16984 92126 87458 25619
1676 11
71950 14419 84112 18676 48718 47734 30131 26087 63290 64768 99340
1803 16
39287 11354 99959 60834 66257 88812 49557 20220 6187 99296 4666 29714 40407 4746 74092 15430
1900 13
74098 44343 23406 84127 50534 2202 95164 8321 39581 78736 92978 71537 5857
2354 10
84102 94728 95568 64925 85588 36553 48364 17389 44082 34592
2992 12
61417 3561 88976 11357 43192 72952 89410 60307 10896 95073 25118 5446
3022 12
38872 79857 78659 1628 12561 14072 90683 25983 59416 426 3416 61920
3334 11
49268 95596 87949 78535 86180 70502 78792 25209 66019 72123 52459
3580 10
74033 43312 54485 12403 68291 94672 22381 29107 15914 93285
3617 7
23200 44752 28124 40209 74355 48872 19089
3818 10
40684 85029 55017 68854 84791 825 82884 75954 36133 30574
4246 11
59780 66005 9858 67222 4405 84822 38259 53527 8708 79660 81796
4397 5
58227 62566 1045 47282 78149
5604 7
75707 26512 83291 63423 89538 60539 74267
6715 9
75926 95314 67956 70288 34769 96008 68116 49510 1147
7261 4
88509 56593 11531 65000
7438 5
86426 89848 76815 42865 60101
7734 5
73853 47672 95683 95387 59922
8628 3
90841 78777 47784
8989 6
67915 85112 36422 36103 90827 38628
9096 3
37455 83646 22767
9960 4
10159 87648 51956 72481
553 13
4588 11263 99737 94079 17475 92964 14976 47859 86338 41198 85293 68602 24031
647 18
40551 31548 19201 60715 42512 56933 28501 88898 38027 67588 84906 71328 56401 73330 54768 44367 74144 38448
713 16
74248 96448 49475 45387 3566 89016 32643 91155 40408 82198 28713 76825 28565 61069 8217 87028
746 14
48407 43748 20325 52454 191 79867 16373 52917 73907 79365 96218 5247 90779 52203
1071 17
58381 16958 51129 95131 63642 93264 18563 6887 72878 95206 24067 40591 71649 15724 32627 69803 54740
1120 17
77685 41930 32836 88529 97012 89004 23815 25925 40692 32711 71055 56255 19989 76503 2804 16512 95433
1269 10
43551 83339 65460 16327 42034 31493 84144 21019 88351 69219
1773 11
70494 13988 16687 79356 33405 56875 68833 93441 23778 83220 73845
2159 11
4601 37790 99497 42551 73915 11073 95876 5075 47592 5738 3137
2520 9
4711 78694 85757 54251 18188 75242 95271 17323 64602
2916 10
83837 2499 23779 8972 51149 14347 19659 87781 29865 63276
2923 9
20732 9779 64384 9340 3340 87908 84721 17764 78873
2960 12
45342 45574 55584 87793 63754 57689 73536 36144 34976 51282 86783 93223
3074 13
92498 21746 1016 63173 37009 61127 75486 32454 40967 28384 26264 82820 88537
3313 11
61534 27001 29810 76838 54001 12670 39101 69247 55400 86764 78315
3399 12
31740 19469 35323 28034 35814 10465 82928 22569 64165 40973 61191 36676
3607 9
26689 56818 91775 35202 27064 33124 3480 29078 71238
3771 7
88728 84474 91814 50067 76040 17287 52795
3877 6
51413 78695 15317 63049 73025 49300
4213 9
20152 29636 84254 46208 79678 26825 28342 66911 24738
5227 7
40790 74622 62742 93187 46717 56598 25082
6228 5
82742 91247 11952 40575 31680
6342 5
15146 72245 82294 9810 32670
6924 7
74778 79063 11872 914 72444 26289 35243
7801 4
64579 67131 74929 52343
9507 5
61625 37861 82357 50520 22639
9733 5
77857 25678 52738 55543 90923
9761 4
74259 28058 3750 97918
515 10
86261 88571 14908 50076 14317 6102 54890 50616 73933 89148
576 10
16664 35571 35371 27135 22253 96841 58222 39389 61498 47697
645 8
98599 34872 29121 35601 41048 55001 18510 84181
678 10
68211 85487 17194 47386 33440 84236 36725 31520 14878 47622
699 19
56321 21691 94146 54313 92304 32827 67302 89322 57289 48721 49052 34845 28292 82912 7888 63799 23773 74873 2040
700 15
59674 42168 46696 36847 9865 63109 54636 37842 93756 7868 24597 39180 66592 26138 63296
835 9
17674 41540 37860 47344 80918 52667 50444 48122 1114
854 17
41059 24645 99670 20317 41186 30572 92231 70000 78498 40915 95779 38894 59377 81781 59807 59064 46127
997 13
16160 19900 24588 17065 83437 4179 76033 67812 588 56307 54125 7654 66675
1401 14
36831 63672 77727 89744 88283 85309 21662 41249 40839 63603 25313 59882 32087 10209
1403 10
10231 42019 40767 74162 80403 58077 60650 94238 68456 8000
1736 14
85057 76014 28835 303 34738 63766 14500 98996 79834 69424 17055 38986 87013 64976
1966 12
14222 89946 8523 44201 57809 18759 22877 79121 42289 32503 96754 60672
2049 10
49714 13521 22890 13156 60204 8782 98753 8173 75571 3273
2429 15
14201 8951 68148 87863 16390 49180 11679 66504 50104 2292 14625 85520 57579 37185 80317
2703 13
35603 96945 22680 50817 48793 35062 97736 76451 56131 75411 70683 68548 35143
2892 11
30672 85247 51425 20815 55996 15090 72634 37513 51820 9474 69949
3215 14
85996 29694 87224 19258 9127 87041 85233 23408 76153 97697 56506 48973 12289 45484
3394 7
95135 98924 58482 93786 2863 15939 10310
4434 7
90926 76501 95613 52445 61601 90285 26596
4582 10
88897 60147 34486 67075 93482 79193 23834 82478 36441 86592
5357 4
30926 61566 15395 29070
5513 5
3443 56844 85906 92024 68500
5873 9
34432 64148 10884 30683 45383 76811 68214 54746 72106
6237 8
50591 57855 85750 65844 11327 96515 39697 59450
6340 6
46063 60207 13455 8151 94994 9906
6468 8
84678 43956 70998 45359 2730 39842 68680 81275
9100 2
41747 26345
9423 3
54992 73513 5340
9564 3
38194 65091 77329
48 13
25194 35013 83383 22992 58936 54540 36919 20457 97064 60186 18532 67080 23765
54 16
81349 24468 1443 66803 49211 30585 67037 13920 42403 16396 25896 84312 97254 72890 50638 52778
363 17
97688 90484 65294 53122 31948 78075 97712 42838 11267 80368 16716 90068 37433 53736 33729 40487 82794
510 19
26530 36085 16880 93514 61597 78369 68384 58361 64848 94691 52722 39147 35139 24451 17887 32718 14700 59844 12979
805 13
72013 94485 44657 11921 47300 77582 97775 27115 87849 50852 75569 63022 50790
892 16
29306 51822 75139 13088 94538 98953 69377 59479 87443 51096 83271 90487 5053 20037 42250 52872
909 17
3975 92502 31093 87262 33171 8163 27663 51278 75877 42366 94417 89774 23621 68062 65927 24854 53707
924 8
27088 59119 70719 2345 30692 32869 63681 2009
1036 14
52614 22638 48263 295 92931 96319 55088 42501 72525 68330 46805 41086 73575 27438
1360 11
75510 84443 99570 16401 55306 9139 66993 13682 34939 48303 20601
1455 16
57348 12021 1861 18743 69716 29948 21744 39597 26347 84335 49498 49776 19662 42826 28648 75734
1506 16
43158 81939 16653 38992 45517 11935 10774 35612 98002 71105 74048 63896 26680 39132 32575 87382
1525 15
62072 22667 93090 56296 24060 91112 42323 9687 59789 9352 16791 73558 53366 94367 88997
1615 10
48943 50652 98400 72081 16979 2573 41562 83953 41881 8743
1638 8
68545 5091 97787 5087 71993 52448 3724 84949
1815 15
53452 66241 52911 32932 93261 77584 62223 7803 19271 73409 39778 96408 36287 72567 21898
1846 10
33501 45443 96310 88545 48915 71831 18047 59613 90456 46687
1910 12
38706 88359 48246 44994 83784 17618 77121 75890 90245 40637 71281 32105
1939 9
5946 56298 75122 68505 87958 28572 18390 83143 23542
1952 10
63474 90973 61733 12985 71355 33240 57365 41925 96773 42604
2013 16
31217 58155 64668 79480 53835 16225 22440 71968 9792 92691 41015 51244 95549 65444 25257 64823
2286 10
77774 44449 51610 67637 34977 28324 90105 97300 16365 36406
2293 10
66863 56425 88376 8227 34447 89524 61567 9744 45466 98604
2585 11
17454 6193 33351 6786 67056 11139 9928 98609 1673 66719 26261
2760 9
89490 93269 78645 57304 85851 78331 30126 64610 16929
2959 16
52491 90280 10966 59342 53266 50771 52099 47127 93502 7950 37926 95288 21030 24428 45449 34390
3211 9
2888 71341 17693 74216 45273 60062 87303 890 80958
3243 7
91479 88483 90145 23264 85995 86477 81520
3324 8
63905 77126 63487 49851 6316 23321 16067 27589
3418 10
37794 19757 28143 4314 92780 96870 78891 98243 21134 12207
3737 6
12565 70424 68991 88312 59149 21407
3891 11
21847 69713 70328 64916 77393 45174 27807 86807 46221 96200 47052
3941 9
16478 8724 35672 22286 45541 28017 84220 68285 85941
4086 6
78895 90228 77228 30170 66900 35575
4231 9
22830 48429 7049 6070 21764 83453 52359 28 17548
4830 10
16188 43359 2082 90737 57205 9797 90407 297 65869 19407
5123 9
73875 18712 44 32289 87570 94583 87725 31182 22311
5200 9
66843 3784 17045 90506 60677 58521 46191 60617 739
5835 5
78040 93568 93577 6703 24979
5895 13
98518 32811 18396 11231 24176 93298 23350 59011 76260 26288 48597 46911 70738
6446 6
36923 69144 35871 83774 46530 35735
6493 3
24233 92547 18975
6679 6
80781 47119 78144 35817 65843 55721
6821 9
47392 65710 30421 93884 40734 82842 74059 85849 38721
7120 3
32987 92811 55580
7293 2
49312 14667
7611 4
30601 38709 53390 71784
7770 7
82906 79058 24312 8627 91932 36542 67958
7937 5
3518 12068 78805 48614 12807
8591 7
49613 79328 4367 78446 31112 2595 55863
8751 4
86186 47966 98134 97838
8931 6
51296 48430 5681 46470 73278 79669
8981 1
36381
9143 8
60772 67560 88929 96999 25932 49178 40948 85265
9285 4
31286 5962 29181 31541
9916 5
95010 19396 1929 58820 75779
9963 6
23537 66242 13534 74257 47722 51392
215 13
85451 73349 91887 94955 75230 57002 53445 99274 57345 66100 58909 80511 89190
255 16
34142 48077 5672 94936 65354 60046 82915 39570 94892 18475 46524 5944 61948 1534 79059 79133
281 20
43663 10581 20667 89640 43427 47053 36781 1500 71018 55156 90495 22164 77729 48546 81944 59726 39299 13010 70653 77402
324 13
49622 65373 72771 66211 92172 97225 11697 65996 45972 77340 71708 4785 10291
425 15
85559 95214 81000 98376 11372 90604 76580 51475 68633 86321 75010 58348 26221 18998 80044
461 16
83538 19242 47118 88031 43121 47063 39768 8756 47155 32445 50918 47097 37561 33194 79697 50539
604 12
29140 58896 76134 46407 80612 16250 19444 76575 79703 99172 53894 18628
871 14
90507 50882 20631 68576 52377 30799 36114 20914 62292 11116 33691 94721 27474 61630
945 11
59483 73256 70182 19221 54232 99617 79334 62066 33302 64662 17173
1041 10
93566 57473 73870 39044 23470 76267 94426 18919 76719 54408
1085 15
98300 84303 80169 27081 88890 77679 63683 61092 54841 18908 11454 53453 95588 65959 62317
1394 12
39712 81438 24054 94512 63950 15102 54932 15018 2359 31292 62801 66090
1486 15
53225 65666 11094 72111 35907 78407 26716 72607 18832 96225 39766 44282 40667 5811 79319
1529 14
41879 25606 51543 42523 38199 77662 65288 34145 4901 87482 53440 9994 12962 41270
1548 8
7862 40589 3475 97692 75022 55851 60640 934
1960 5
15752 79988 35270 90691 64186
2224 13
51945 41920 43924 12718 54079 21346 58266 84004 56122 50268 995 90958 21783
2565 8
90677 67723 92265 60023 98761 1357 45078 77450
2631 15
46628 86463 72913 91910 98470 95646 51443 39248 30747 63405 49839 27196 48846 28844 72613
2908 8
82047 56549 9530 20969 46658 56188 34005 50659
3463 6
27267 61060 46708 30102 50767 93133
3473 10
29757 2789 74712 34460 28388 58628 97635 56850 23666 95151
3865 6
73034 38846 90434 44454 15987 21619
3907 3
39237 14146 58981
3987 10
10272 9082 84063 22648 74591 95453 70107 75163 67400 1696
4058 6
46516 62267 17426 46267 84900 7336
4100 10
73240 18176 51164 44205 61020 80240 18669 68742 87147 35103
4215 8
71012 46303 97864 72899 9327 2736 23126 12790
4355 8
51294 98644 62148 45052 73320 13807 50139 55999
4613 4
64138 81600 64159 12729
4855 11
85241 96900 46226 51015 21275 66955 74976 96302 44135 1671 61253
5374 9
61236 10324 84393 3151 50546 82644 68019 86331 91574
6387 4
16104 96160 78762 29687
6673 5
73418 65766 76296 54187 30070
6893 6
80312 47187 95392 4230 80059 95732
7069 10
81575 4897 16123 81860 21644 52947 26031 46676 37184 85412
7217 5
96348 50363 63234 43719 26071
7280 5
38742 80899 1658 93565 4380
7737 4
46327 76706 83212 13038
9061 2
6237 34454
9629 7
30591 8705 88717 13258 1721 69054 50041
184 18
29786 69535 40236 41179 87278 19888 64993 34924 80850 71043 33146 33259 66491 30330 21874 33542 56326 31799
202 17
25208 8535 12111 19987 32242 1949 80022 23863 29389 43366 81782 27531 79375 82870 57482 49870 8733
270 12
33876 89072 68709 97247 95657 99707 83779 75116 73124 97589 53802 20521
271 12
58492 63979 52609 43628 21063 10308 35724 16770 32097 73697 69751 20456
301 11
27535 12478 51829 97823 43797 32502 61545 97084 59599 79443 80619
451 10
78636 15961 55199 15297 46950 55813 62222 94095 87307 66191
488 17
59801 65737 42727 87425 68035 35973 8544 30759 70627 28850 98260 26991 47487 9180 77241 83896 65211
559 13
19849 7190 45994 84609 3448 36910 70353 9269 47217 5788 87584 50412 56575
959 14
74325 56496 21381 81585 66893 29825 14456 64001 75141 25028 48481 78376 11034 78555
1033 9
80585 22592 54274 1227 59925 20678 35336 35570 32089
1046 10
32405 27894 82979 18801 51995 24836 89745 79786 90429 46590
1064 9
55237 30403 25526 33307 43738 63948 58305 3696 51195
1104 13
47255 62150 91881 77783 3022 58287 69450 3806 71384 92947 55890 49627 41195
1274 19
27435 71581 66288 76576 673 7690 41491 78981 60824 61181 65240 43074 54462 4021 48214 40020 93789 23872 83511
1390 14
16117 42695 52498 54901 21207 93172 10923 34984 27045 35068 64952 91844 77629 44031
1551 12
51535 60973 21609 57225 34746 9404 37223 2684 97317 57630 56068 12481
1705 13
50406 54074 22932 41700 5702 85721 55585 45330 28747 10868 69544 26647 20589
2151 12
43102 66458 42867 61360 67340 57231 81858 94655 12005 32336 21836 90935
2173 12
32546 12607 51897 82221 31904 76018 23723 93331 73730 23658 22842 65624
2214 9
59288 6515 94368 75024 37980 71149 9236 59437 45646
2329 7
26570 29778 15360 61537 66853 39794 19110
2365 9
88611 34759 97762 86580 59144 82901 90331 92877 711
2675 8
17293 91568 76632 82203 20321 6623 20859 75092
2816 12
89651 1099 22929 45160 73720 81484 55708 38634 14992 10524 89434 48063
2854 12
85806 48426 41904 49002 65857 94586 82910 1986 21531 66325 6340 67260
3145 11
96033 18558 24891 9298 56520 38087 56795 18257 67669 43228 37013
3192 6
2209 87211 80379 76950 48592 97915
3722 8
38383 67561 17420 22645 74617 92803 30831 86539
3725 12
41252 80533 35324 46234 36373 36733 56424 96589 34481 2746 54085 32565
3947 6
50385 40480 21316 29341 6863 18930
4001 9
89416 8528 21650 79390 81051 65591 45852 19280 13888
4147 13
33093 74226 79094 15603 91867 11132 24947 38677 63804 976 8048 46175 76138
4177 7
53773 46104 62027 4981 55037 7999 29695
4273 10
7493 67891 13573 19273 75342 42295 50238 9899 55802 25865
4351 10
46112 63437 29015 55224 12710 91438 16849 11978 19361 38794
4398 8
59630 79383 91995 58223 65777 81038 29918 29501
4828 11
30359 28147 19797 94398 66981 54907 21408 91838 24202 80928 45350
5423 8
45970 49455 94963 35455 59012 21946 70050 31739
5525 11
91800 73677 60775 75965 64360 2694 53555 51593 93457 77308 985
5551 7
61909 35382 53504 69726 42489 40140 29773
5568 6
11333 67294 17432 15721 83113 22644
5950 8
78148 30523 91878 42850 3008 79797 2055 14756
6129 2
60913 85677
6179 11
30428 24006 45439 3457 70967 23087 52398 9863 63008 28605 21339
6188 11
37085 98498 40909 1470 22434 6076 35967 83244 31166 81763 63904
6239 8
635 57560 31844 26885 27871 45378 59596 10636
6349 8
93970 26165 96477 96766 26540 63767 17469 21212
6698 7
49808 14519 78305 57357 78901 48976 16542
6793 6
5382 93306 6450 67385 35889 28348
6805 8
87313 12103 6252 85071 7080 8175 83178 4740
6826 4
17486 75337 49952 6581
7841 2
29245 59880
9367 2
94991 43507
9489 4
1669 38547 29598 88497
9667 6
43833 70655 59887 16180 50609 90180
58 15
4043 73007 94469 44540 82981 38991 86222 17962 76612 45516 20337 54095 92131 26116 29746
116 12
36649 90103 90934 17924 1333 17844 35172 73207 39838 44003 20463 87578
483 18
33160 32841 6826 76401 96505 72158 55175 85773 22428 23936 35897 31983 13374 82157 64702 31641 60976 95567
907 7
36274 41567 38694 45218 47831 74734 65891
1079 14
95561 76101 29138 40718 67942 68314 64083 96464 3488 77773 15785 21394 80081 27318
1543 14
496 4455 81675 12232 99264 86630 24628 3414 52022 80319 68795 1636 25996 98801
1606 13
92791 95307 5223 22806 81083 70712 443 73298 16695 70198 82204 74681 14572
1640 11
17916 82408 80930 46517 10173 28535 7256 61934 91380 5558 97768
1702 16
37974 63244 62626 48446 57179 67628 44058 93530 83136 6883 26971 41154 82133 54745 54155 96195
1732 14
20354 13456 42712 51465 69460 13721 36969 86390 35228 95742 66346 36844 59602 85095
2305 17
38883 34646 75993 97576 89882 51651 8465 74346 71856 75577 41775 65640 13779 67030 42829 68312 29008
2941 10
83131 48683 39976 4640 88228 66681 84005 23637 99409 39396
3038 14
54771 83715 35781 6670 42724 74535 69583 78023 77961 6021 87132 39175 85081 15187
3220 9
82464 90438 8025 20613 27113 19603 50392 54555 24106
3520 13
77097 25285 98266 62718 15055 58047 64111 51922 8184 15549 15673 54409 82462
3553 4
64438 10148 56077 77845
3609 14
10344 41608 7937 55659 25198 33045 94112 50417 29244 78978 41244 19745 17561 60040
3623 8
10805 23510 51326 50416 53344 74106 89642 56935
3684 8
75138 65974 81144 13979 50494 38487 15994 52341
3874 7
78658 59962 1910 59828 97819 51644 99161
3997 10
19091 80548 96706 58924 77846 91338 61833 5721 51323 17696
4463 8
83013 28195 47407 87340 32644 45282 90453 49953
4509 8
244 5678 83217 71811 6341 73001 50063 95328
4742 8
87984 96223 22189 79458 56443 93082 1743 71519
4819 5
99325 31965 557 60731 60756
4933 10
14509 20475 23819 20954 8786 93439 94648 23748 92209 79686
4986 5
44980 52927 22541 3255 36753
5386 7
65754 4963 87326 42897 65753 43464 47129
5438 6
94553 60056 6373 98 49632 76256
6416 4
81253 20964 56390 10158
6717 7
33661 41992 36096 2492 18367 95454 25539
6763 8
39160 47378 33409 65348 77733 34547 40343 36512
6794 4
60555 58079 20271 23957
7076 6
16937 6424 18364 38997 14181 50088
7179 6
53577 64217 22200 41291 47013 37668
7833 6
25955 77924 951 96292 28929 55296
7974 4
46572 74034 27448 26355
9305 7
67681 62607 8333 94107 90253 13544 95658
73 11
61346 30379 79103 69928 22148 78262 82289 76043 20938 92750 88601
87 17
50480 57561 98751 34907 85988 21592 27257 78681 25699 2467 71808 28830 44709 5534 50554 41079 98047
274 18
25880 78607 93847 61834 41942 78870 60929 20047 63867 76837 11253 68208 32735 16922 85834 97174 39445 44588
309 14
85953 32493 73142 51725 19890 43885 17401 65057 84177 60152 79531 35295 88030 9524
358 13
99987 82429 80552 17648 24525 13196 92882 69733 25027 74558 72306 61764 26921
507 15
54674 8520 4857 63026 16830 83617 95167 36859 66589 46497 52892 53895 40391 75900 18443
762 12
48726 28869 29384 11959 49549 90196 28259 25196 13525 85062 69031 93057
837 15
63424 61215 37687 43033 31301 8202 21657 33419 17330 54275 75340 82321 4961 60181 77
949 17
8189 85625 35429 22710 96095 29480 34020 83829 44036 46937 27370 70208 86022 16433 99103 66774 81237
1031 13
94385 94560 26976 93725 77389 39289 80848 25195 72693 55790 34293 70788 51452
1097 10
67248 74675 38974 17246 84461 19570 76006 41182 36934 62296
1122 14
39662 1885 16524 61361 9959 35032 90466 69606 3419 11366 77572 11343 5258 90599
1204 19
88684 86720 97140 27545 91388 64777 62670 12557 78355 31487 691 79823 6582 58673 29562 11271 11677 50420 54349
1318 17
95654 10334 53550 33648 15196 57100 49411 98679 44748 97398 29097 31460 55870 30334 99962 82763 14868
1341 14
81938 16372 62345 80065 66562 24766 30802 77322 41176 469 15484 31616 93236 61228
1521 7
25408 16704 33311 91929 26915 34218 22701
1556 16
67871 10303 91670 82565 74855 26954 39198 94060 16757 30508 53033 18307 6231 19297 40897 99500
1603 11
29603 3401 87388 29990 69034 64885 45451 65493 22941 40011 70693
1812 15
85113 54479 66766 87679 89741 53322 87752 52496 40192 26813 81393 97811 89310 78702 78892
1843 12
36624 79895 37441 92956 54642 15645 52837 55459 28056 43019 76691 6511
2058 9
89966 20315 37058 85397 9370 65925 80998 51763 36073
2165 15
31359 34105 25994 66297 7075 34557 14905 58770 86229 92114 30023 83067 39897 34551 42089
2382 11
23143 77262 48747 71765 94258 28433 65970 6773 10141 21701 75405
2552 6
52282 6884 8695 58300 93487 682
2632 11
84222 45380 41768 83070 15425 33928 58992 70290 63572 41421 19336
2708 12
96343 75651 46311 42940 56282 28024 43114 37677 14008 58419 73774 96552
2770 9
70380 59207 71010 81100 82834 38940 26100 65761 39826
2876 6
93202 14557 11362 53580 28551 69894
2953 13
65556 39674 59967 86686 90341 31856 26084 52164 5542 1125 40676 90514 33749
2995 12
52134 5274 19261 9318 1247 21413 19577 18246 63121 30414 52146 5441
3065 9
57986 57679 13897 61023 78668 88681 54699 72236 27791
3130 13
79652 1414 31519 71423 61595 88641 59713 56914 26726 51923 23567 16468 92289
3164 7
72596 97316 67484 31033 61670 7633 77109
3234 9
23146 63563 93421 56990 68210 33474 22305 82700 83097
3258 12
99284 40100 29180 88380 54329 4559 71469 77319 32506 48024 45434 95274
3774 9
99852 87531 31987 12810 74135 4848 28910 50395 45267
3892 8
42265 62900 32622 99035 80893 94948 730 22403
4051 13
1372 33682 29030 65163 53869 80213 80069 62246 9620 40497 98700 35248 5515
4297 10
5924 35826 55765 7838 75660 41818 71757 10514 50128 40293
4367 7
87161 16329 8973 27337 83811 72896 17410
4374 6
32556 7662 36125 86257 83665 84396
4970 10
22227 54697 16374 93042 23565 92407 64532 65783 57228 78365
5094 7
66827 45437 31735 35863 42126 67580 68166
5175 8
57263 15654 81030 62499 31419 34740 886 51604
5344 10
98424 75513 900 71504 35267 68654 78143 98052 29585 19443
5697 10
80194 85458 1121 20694 71978 15736 95299 55750 87279 66684
6236 7
6736 67257 31748 49075 26472 95663 85494
6251 7
43764 87309 15844 77515 16022 69835 59385
6396 7
14995 80236 16288 72098 49992 67310 28919
6665 6
88816 31325 96148 15422 21582 35658
6702 13
25794 18442 81785 19296 36390 25065 93166 46273 75983 8808 32460 65657 76843
8211 3
24150 30378 91735
8300 6
62377 15770 51039 33813 10836 31408
8869 4
25250 13964 52124 9550
9081 5
37630 86117 27930 36605 82682
9200 4
13319 23736 5786 49335
9686 3
92969 19857 58585
9751 5
92385 67431 12414 15698 86798
15 13
12330 97244 34990 8913 2196 83108 29618 17740 23394 21436 17745 59740 1051
24 20
67938 77741 37301 17724 62132 33209 47774 29104 44558 68370 264 480 1864 88984 46348 51615 79114 46741 90615 38835
104 18
29800 465 57272 8280 25130 22166 91304 33150 71482 4844 8094 34586 1385 25835 99872 40195 10565 44000
138 16
32701 19752 19494 1245 90963 71658 46999 82677 26228 9876 59784 89306 38349 3257 96122 89877
197 19
38453 10421 47884 90359 24851 27485 55961 28875 91460 15815 63467 59236 60766 66394 44601 38155 80152 97230 66822
226 19
83398 7484 3913 41896 5523 90399 50448 81207 35050 42972 1954 20514 23681 39376 32160 77675 45513 31614 3695
268 20
21054 53077 67623 81467 1221 26520 78859 55432 59143 93039 83737 79130 23276 19026 27501 78162 71056 40478 437 50837
570 11
43624 95930 48556 77538 19972 46901 33072 43671 41333 41613 7533
589 17
46369 70997 49194 62712 94381 18253 50768 89772 74890 30181 70329 75521 23870 57073 82433 14154 54931
649 17
57763 32687 61901 13206 11228 64470 6013 1987 43976 57234 77909 971 31071 77560 91100 16961 67689
666 16
30881 67875 6572 25193 14705 26993 36233 14885 9951 99567 92957 13783 74264 2834 21912 58181
757 11
6899 89299 46077 46677 30516 3877 80165 80031 70386 85117 61938
873 19
74841 69268 70023 51555 52468 58891 75970 79035 40448 74897 82000 18274 26751 55579 20673 92375 99080 7037 35992
928 13
488 16047 43078 20221 28534 28109 89887 507 919 14961 81869 66655 30920
1138 15
43594 77826 50025 70729 94348 602 37596 84423 65881 70459 22882 84311 58022 29776 35553
1430 13
18858 65702 2531 86408 222 7282 68892 15871 89197 37841 7339 41002 52734
1481 11
18457 39013 18694 74128 69948 89739 21795 42698 2528 95592 80569
1485 16
76026 55995 9283 63188 33775 50290 22952 74662 91393 87854 20796 4679 45290 68201 47028 18868
1537 18
2729 10681 17099 61374 83836 54007 77438 33275 48693 6451 74527 86409 37321 72268 12074 42729 91907 69114
1538 8
47429 65580 58325 41813 18017 28339 89539 52573
1588 13
59422 31691 73895 24869 48737 38411 64328 13277 51817 81941 28684 62772 12455
1633 12
26051 72121 17025 94786 76842 42531 15659 94223 43435 93347 25661 5312
1717 11
42087 30082 18282 63071 64919 51369 50955 21343 39173 4069 87759
1842 10
50234 86868 40130 64327 27023 99442 24906 81506 20617 92422
1881 17
85142 82864 16820 16636 83101 94354 75419 64080 80149 78926 96438 34215 4079 47075 78220 9162 47256
2023 15
64230 10811 65821 89505 71120 3966 16809 68773 68558 32472 19183 14117 25754 17888 96004
2181 10
41475 32199 66690 88255 26882 52521 59218 37824 473 79324
2508 9
92510 73503 88179 48357 11189 63695 1316 89656 41036
2761 15
94016 27433 63322 24111 41063 87746 23168 35400 51499 75348 32886 17870 47506 66730 76196
2865 12
42951 62769 59338 78982 72684 94145 54150 25546 39714 22468 15962 38450
2976 7
38303 78019 92701 90825 74210 69552 71809
3080 8
87054 6733 3671 54164 81404 31977 64673 78611
3103 15
42284 2609 52451 19581 33283 61016 24362 87541 66861 62969 58485 55734 84707 13378 15670
3347 7
39798 63417 79488 86885 73455 58386 42963
3397 13
62346 42399 24807 85385 96665 82094 71886 95735 2664 93445 32500 49623 73559
3420 6
37876 55407 11895 92850 56510 57729
3467 8
89685 56363 36992 8128 4713 35798 7214 90590
3545 12
62319 67367 11624 40498 70207 21320 24607 14653 25525 13834 35466 76042
3557 13
13712 63197 78521 10628 92543 73815 74202 68202 82178 46084 72189 48606 32255
3605 12
31578 65603 42192 72147 13642 94252 23769 83853 25793 66554 68443 98521
3628 10
10089 1000 32745 32178 25626 33758 70186 28325 22327 44963
3859 9
17275 50188 67990 22248 40901 51337 30049 61686 13583
4320 12
42132 17619 48582 62707 64836 77437 830 22018 72292 89483 33109 15289
4387 13
99666 58918 40262 94306 72884 31932 5374 58327 35950 25562 67898 78543 87709
